A table of the 8B/10B codes, used to
Generate the 8B/10B encoder tables.

     [K/D]&data  Neg Code   Pos Code
D00.0 000000000 1001110100 0110001011
D01.0 000000001 0111010100 1000101011
D02.0 000000010 1011010100 0100101011
D03.0 000000011 1100011011 1100010100
D04.0 000000100 1101010100 0010101011
D05.0 000000101 1010011011 1010010100
D06.0 000000110 0110011011 0110010100
D07.0 000000111 1110001011 0001110100
D08.0 000001000 1110010100 0001101011
D09.0 000001001 1001011011 1001010100
D10.0 000001010 0101011011 0101010100
D11.0 000001011 1101001011 1101000100
D12.0 000001100 0011011011 0011010100
D13.0 000001101 1011001011 1011000100
D14.0 000001110 0111001011 0111000100
D15.0 000001111 0101110100 1010001011
D16.0 000010000 0110110100 1001001011
D17.0 000010001 1000111011 1000110100
D18.0 000010010 0100111011 0100110100
D19.0 000010011 1100101011 1100100100
D20.0 000010100 0010111011 0010110100
D21.0 000010101 1010101011 1010100100
D22.0 000010110 0110101011 0110100100
D23.0 000010111 1110100100 0001011011
D24.0 000011000 1100110100 0011001011
D25.0 000011001 1001101011 1001100100
D26.0 000011010 0101101011 0101100100
D27.0 000011011 1101100100 0010011011
D28.0 000011100 0011101011 0011100100
D29.0 000011101 1011100100 0100011011
D30.0 000011110 0111100100 1000011011
D31.0 000011111 1010110100 0101001011
D00.1 000100000 1001111001 0110001001
D01.1 000100001 0111011001 1000101001
D02.1 000100010 1011011001 0100101001
D03.1 000100011 1100011001 1100011001
D04.1 000100100 1101011001 0010101001
D05.1 000100101 1010011001 1010011001
D06.1 000100110 0110011001 0110011001
D07.1 000100111 1110001001 0001111001
D08.1 000101000 1110011001 0001101001
D09.1 000101001 1001011001 1001011001
D10.1 000101010 0101011001 0101011001
D11.1 000101011 1101001001 1101001001
D12.1 000101100 0011011001 0011011001
D13.1 000101101 1011001001 1011001001
D14.1 000101110 0111001001 0111001001
D15.1 000101111 0101111001 1010001001
D16.1 000110000 0110111001 1001001001
D17.1 000110001 1000111001 1000111001
D18.1 000110010 0100111001 0100111001
D19.1 000110011 1100101001 1100101001
D20.1 000110100 0010111001 0010111001
D21.1 000110101 1010101001 1010101001
D22.1 000110110 0110101001 0110101001
D23.1 000110111 1110101001 0001011001
D24.1 000111000 1100111001 0011001001
D25.1 000111001 1001101001 1001101001
D26.1 000111010 0101101001 0101101001
D27.1 000111011 1101101001 0010011001
D28.1 000111100 0011101001 0011101001
D29.1 000111101 1011101001 0100011001
D30.1 000111110 0111101001 1000011001
D31.1 000111111 1010111001 0101001001

D00.2 001000000 1001110101 0110000101
D01.2 001000001 0111010101 1000100101
D02.2 001000010 1011010101 0100100101
D03.2 001000011 1100010101 1100010101
D04.2 001000100 1101010101 0010100101
D05.2 001000101 1010010101 1010010101
D06.2 001000110 0110010101 0110010101
D07.2 001000111 1110000101 0001110101
D08.2 001001000 1110010101 0001100101
D09.2 001001001 1001010101 1001010101
D10.2 001001010 0101010101 0101010101
D11.2 001001011 1101000101 1101000101
D12.2 001001100 0011010101 0011010101
D13.2 001001101 1011000101 1011000101
D14.2 001001110 0111000101 0111000101
D15.2 001001111 0101110101 1010000101
D16.2 001010000 0110110101 1001000101
D17.2 001010001 1000110101 1000110101
D18.2 001010010 0100110101 0100110101
D19.2 001010011 1100100101 1100100101
D20.2 001010100 0010110101 0010110101
D21.2 001010101 1010100101 1010100101
D22.2 001010110 0110100101 0110100101
D23.2 001010111 1110100101 0001010101
D24.2 001011000 1100110101 0011000101
D25.2 001011001 1001100101 1001100101
D26.2 001011010 0101100101 0101100101
D27.2 001011011 1101100101 0010010101
D28.2 001011100 0011100101 0011100101
D29.2 001011101 1011100101 0100010101
D30.2 001011110 0111100101 1000010101
D31.2 001011111 1010110101 0101000101

D00.3 001100000 1001110011 0110001100
D01.3 001100001 0111010011 1000101100
D02.3 001100010 1011010011 0100101100
D03.3 001100011 1100011100 1100010011
D04.3 001100100 1101010011 0010101100
D05.3 001100101 1010011100 1010010011
D06.3 001100110 0110011100 0110010011
D07.3 001100111 1110001100 0001110011
D08.3 001101000 1110010011 0001101100
D09.3 001101001 1001011100 1001010011
D10.3 001101010 0101011100 0101010011
D11.3 001101011 1101001100 1101000011
D12.3 001101100 0011011100 0011010011
D13.3 001101101 1011001100 1011000011
D14.3 001101110 0111001100 0111000011
D15.3 001101111 0101110011 1010001100
D16.3 001110000 0110110011 1001001100
D17.3 001110001 1000111100 1000110011
D18.3 001110010 0100111100 0100110011
D19.3 001110011 1100101100 1100100011
D20.3 001110100 0010111100 0010110011
D21.3 001110101 1010101100 1010100011
D22.3 001110110 0110101100 0110100011
D23.3 001110111 1110100011 0001011100
D24.3 001111000 1100110011 0011001100
D25.3 001111001 1001101100 1001100011
D26.3 001111010 0101101100 0101100011
D27.3 001111011 1101100011 0010011100
D28.3 001111100 0011101100 0011100011
D29.3 001111101 1011100011 0100011100
D30.3 001111110 0111100011 1000011100
D31.3 001111111 1010110011 0101001100

D00.4 010000000 1001110010 0110001101
D01.4 010000001 0111010010 1000101101
D02.4 010000010 1011010010 0100101101
D03.4 010000011 1100011101 1100010010
D04.4 010000100 1101010010 0010101101
D05.4 010000101 1010011101 1010010010
D06.4 010000110 0110011101 0110010010
D07.4 010000111 1110001101 0001110010
D08.4 010001000 1110010010 0001101101
D09.4 010001001 1001011101 1001010010
D10.4 010001010 0101011101 0101010010
D11.4 010001011 1101001101 1101000010
D12.4 010001100 0011011101 0011010010
D13.4 010001101 1011001101 1011000010
D14.4 010001110 0111001101 0111000010
D15.4 010001111 0101110010 1010001101
D16.4 010010000 0110110010 1001001101
D17.4 010010001 1000111101 1000110010
D18.4 010010010 0100111101 0100110010
D19.4 010010011 1100101101 1100100010
D20.4 010010100 0010111101 0010110010
D21.4 010010101 1010101101 1010100010
D22.4 010010110 0110101101 0110100010
D23.4 010010111 1110100010 0001011101
D24.4 010011000 1100110010 0011001101
D25.4 010011001 1001101101 1001100010
D26.4 010011010 0101101101 0101100010
D27.4 010011011 1101100010 0010011101
D28.4 010011100 0011101101 0011100010
D29.4 010011101 1011100010 0100011101
D30.4 010011110 0111100010 1000011101
D31.4 010011111 1010110010 0101001101

D00.5 010100000 1001111010 0110001010
D01.5 010100001 0111011010 1000101010
D02.5 010100010 1011011010 0100101010
D03.5 010100011 1100011010 1100011010
D04.5 010100100 1101011010 0010101010
D05.5 010100101 1010011010 1010011010
D06.5 010100110 0110011010 0110011010
D07.5 010100111 1110001010 0001111010
D08.5 010101000 1110011010 0001101010
D09.5 010101001 1001011010 1001011010
D10.5 010101010 0101011010 0101011010
D11.5 010101011 1101001010 1101001010
D12.5 010101100 0011011010 0011011010
D13.5 010101101 1011001010 1011001010
D14.5 010101110 0111001010 0111001010
D15.5 010101111 0101111010 1010001010
D16.5 010110000 0110111010 1001001010
D17.5 010110001 1000111010 1000111010
D18.5 010110010 0100111010 0100111010
D19.5 010110011 1100101010 1100101010
D20.5 010110100 0010111010 0010111010
D21.5 010110101 1010101010 1010101010
D22.5 010110110 0110101010 0110101010
D23.5 010110111 1110101010 0001011010
D24.5 010111000 1100111010 0011001010
D25.5 010111001 1001101010 1001101010
D26.5 010111010 0101101010 0101101010
D27.5 010111011 1101101010 0010011010
D28.5 010111100 0011101010 0011101010
D29.5 010111101 1011101010 0100011010
D30.5 010111110 0111101010 1000011010
D31.5 010111111 1010111010 0101001010

D00.6 011000000 1001110110 0110000110
D01.6 011000001 0111010110 1000100110
D02.6 011000010 1011010110 0100100110
D03.6 011000011 1100010110 1100010110
D04.6 011000100 1101010110 0010100110
D05.6 011000101 1010010110 1010010110
D06.6 011000110 0110010110 0110010110
D07.6 011000111 1110000110 0001110110
D08.6 011001000 1110010110 0001100110
D09.6 011001001 1001010110 1001010110
D10.6 011001010 0101010110 0101010110
D11.6 011001011 1101000110 1101000110
D12.6 011001100 0011010110 0011010110
D13.6 011001101 1011000110 1011000110
D14.6 011001110 0111000110 0111000110
D15.6 011001111 0101110110 1010000110
D16.6 011010000 0110110110 1001000110
D17.6 011010001 1000110110 1000110110
D18.6 011010010 0100110110 0100110110
D19.6 011010011 1100100110 1100100110
D20.6 011010100 0010110110 0010110110
D21.6 011010101 1010100110 1010100110
D22.6 011010110 0110100110 0110100110
D23.6 011010111 1110100110 0001010110
D24.6 011011000 1100110110 0011000110
D25.6 011011001 1001100110 1001100110
D26.6 011011010 0101100110 0101100110
D27.6 011011011 1101100110 0010010110
D28.6 011011100 0011100110 0011100110
D29.6 011011101 1011100110 0100010110
D30.6 011011110 0111100110 1000010110
D31.6 011011111 1010110110 0101000110

D00.7 011100000 1001110001 0110001110
D01.7 011100001 0111010001 1000101110
D02.7 011100010 1011010001 0100101110
D03.7 011100011 1100011110 1100010001
D04.7 011100100 1101010001 0010101110
D05.7 011100101 1010011110 1010010001
D06.7 011100110 0110011110 0110010001
D07.7 011100111 1110001110 0001110001
D08.7 011101000 1110010001 0001101110
D09.7 011101001 1001011110 1001010001
D10.7 011101010 0101011110 0101010001
D11.7 011101011 1101001110 1101001000
D12.7 011101100 0011011110 0011010001
D13.7 011101101 1011001110 1011001000
D14.7 011101110 0111001110 0111001000
D15.7 011101111 0101110001 1010001110
D16.7 011110000 0110110001 1001001110
D17.7 011110001 1000110111 1000110001
D18.7 011110010 0100110111 0100110001
D19.7 011110011 1100101110 1100100001
D20.7 011110100 0010110111 0010110001
D21.7 011110101 1010101110 1010100001
D22.7 011110110 0110101110 0110100001
D23.7 011110111 1110100001 0001011110
D24.7 011111000 1100110001 0011001110
D25.7 011111001 1001101110 1001100001
D26.7 011111010 0101101110 0101100001
D27.7 011111011 1101100001 0010011110
D28.7 011111100 0011101110 0011100001
D29.7 011111101 1011100001 0100011110
D30.7 011111110 0111100001 1000011110
D31.7 011111111 1010110001 0101001110

K28.0 100011100 0011110100 1100001011
K28.1 100111100 0011111001 1100000110
K28.2 101011100 0011110101 1100001010
K28.3 101111100 0011110011 1100001100
K28.4 110011100 0011110010 1100001101
K28.5 110111100 0011111010 1100000101
K28.6 111011100 0011110110 1100001001
K28.7 111111100 0011111000 1100000111
K23.7 111110111 1110101000 0001010111
K27.7 111111011 1101101000 0010010111
K29.7 111111101 1011101000 0100010111
K30.7 111111110 0111101000 1000010111


